5443 1815 54 1522 401 827 23 0 470 0 1 0 1 0 0 
1888 13958 4627 1927 1281 1763 8 1 426 0 1 1 0 1 0 
452 19428 4068 1198 889 455 1 1 474 0 1 1 1 0 1 
7526 11611 3227 1460 1474 1686 15 0 315 0 0 1 1 1 1 
6024 12382 4840 1281 1296 1614 6 0 323 0 0 0 0 1 1 
3910 3000 4173 775 658 615 10 1 427 0 1 1 0 1 1 
8808 16143 848 648 2183 709 28 0 211 0 1 0 1 1 0 
8708 12488 903 62 925 1802 3 1 396 0 0 0 0 0 0 
7051 11832 4362 704 1331 183 17 1 334 0 1 1 1 1 0 
6252 13652 1611 1147 692 1403 14 1 446 0 1 0 1 0 0 
8158 15093 4161 1034 1328 114 10 0 170 0 1 0 1 1 0 
3566 9068 673 780 2185 1325 20 1 126 0 0 1 1 1 0 
5510 3257 2534 222 620 294 7 1 87 0 1 1 1 0 0 
8324 17574 2786 222 1126 1866 29 0 463 0 1 1 1 0 0 
8630 6789 4661 1459 95 982 25 1 424 0 0 0 0 1 1 
6400 13617 3568 1184 1936 581 17 0 207 0 0 1 0 0 1 
2859 11248 2656 489 2131 841 17 0 94 0 1 1 0 1 1 
8137 2014 3464 1450 419 1022 21 1 268 0 0 1 1 1 1 
5789 18125 4913 551 2109 1113 12 0 367 0 1 1 0 1 0 
6549 1985 1718 998 1584 1339 26 1 333 0 0 1 1 1 0 
6981 16913 4018 1309 1427 1782 21 1 213 0 0 1 0 1 0 
3279 16803 3731 1042 716 325 10 1 369 0 1 1 1 1 0 
796 6674 3304 211 889 387 15 0 18 0 0 1 1 0 1 
2420 19670 3427 305 698 1186 16 0 481 0 1 0 0 0 0 
1584 13071 3166 1455 1575 1232 11 1 103 0 0 1 1 1 0 
2132 12674 2311 814 719 1284 9 1 158 0 0 0 0 0 1 
9009 16523 3509 1563 1844 17 15 0 205 0 1 1 1 0 0 
7411 13697 3585 1750 677 1206 26 0 18 0 1 1 0 0 0 
8869 18595 3190 1642 1600 363 29 1 60 0 0 1 1 1 0 
7435 16134 3214 275 1886 819 22 0 103 0 0 0 0 0 1 
8489 7130 992 653 688 384 7 0 312 0 0 0 0 0 1 
4472 8051 4960 857 615 1464 15 1 189 0 1 1 1 1 1 
4551 15906 614 1440 6 1263 25 1 253 0 1 0 0 1 1 
8607 11142 3354 1354 1495 133 6 1 342 0 0 0 1 0 1 
7112 11687 4248 1887 1354 1837 15 1 396 0 0 0 0 0 1 
8335 5393 2131 1143 478 1326 29 1 217 0 0 1 0 1 0 
4547 583 731 1383 500 1404 14 0 446 0 0 1 1 1 1 
3444 2798 1060 1665 1746 1362 18 1 234 0 1 1 1 0 1 
4227 6482 4752 1763 2091 1360 19 1 91 0 1 0 1 0 0 
663 2798 1098 1143 2336 139 14 0 327 0 1 1 1 1 0 
5908 17090 3470 74 183 864 14 0 473 0 0 0 0 0 1 
93 3307 1607 723 2201 791 0 1 481 0 0 0 0 1 1 
3073 17735 829 1904 1595 514 24 0 353 0 1 0 1 1 1 
634 14244 3849 1025 985 294 12 1 166 0 0 1 0 0 1 
6826 19592 3139 527 1093 956 2 0 306 0 0 1 0 0 1 
6436 5438 2192 1981 972 1893 7 1 120 0 0 0 0 0 1 
7386 17388 1914 915 99 536 10 1 239 0 0 0 1 0 1 
4711 17595 3398 914 962 1194 27 1 209 0 1 1 0 1 1 
8774 1850 1625 547 1621 1401 30 0 234 0 1 1 1 0 1 
7264 13702 4990 116 708 1981 0 0 254 0 1 0 1 1 0 
914 4354 913 1099 1018 1008 11 0 499 0 0 0 1 0 0 
8634 8798 1093 1605 55 1149 6 0 333 0 1 0 0 1 0 
5125 5180 909 405 2432 1712 17 0 238 0 1 1 1 0 0 
3886 8511 3207 1444 1054 733 15 0 74 0 1 0 0 1 1 
774 12685 3631 537 1841 984 21 1 430 0 0 1 1 1 1 
2868 11047 4193 783 24 731 23 1 432 0 0 0 0 0 1 
7805 18462 1961 1591 2158 924 12 1 327 0 0 1 0 1 0 
4051 3528 1266 1868 2370 1373 13 1 286 0 1 0 0 1 1 
7861 13159 479 1576 1097 1984 12 1 32 0 1 1 1 1 0 
6039 11633 3025 424 925 1596 18 1 494 0 1 0 0 1 0 
3816 9172 3380 910 1253 314 12 0 185 0 0 1 1 1 0 
5334 1447 1548 1259 1128 1776 3 1 250 0 1 1 0 1 1 
3752 19763 1936 1232 1347 740 26 1 147 0 0 0 0 1 1 
5104 4220 3211 1503 979 1312 26 1 251 0 0 1 1 0 1 
5695 9441 4345 700 517 282 17 0 131 0 0 1 1 1 1 
8353 18454 1323 1664 548 1267 22 1 187 0 1 0 1 0 1 
1807 17563 460 1543 1282 105 3 1 388 0 0 1 1 1 1 
6284 19285 4781 678 2124 1209 29 0 99 0 0 0 1 1 0 
2243 6104 2740 449 1437 1012 25 0 495 0 1 1 1 0 0 
8472 12576 4780 1243 624 1402 4 1 16 0 1 0 1 0 0 
412 13440 2838 384 617 1018 17 1 275 0 0 1 1 0 1 
7009 10448 1166 86 1971 773 17 0 121 0 1 1 0 0 0 
5091 8739 524 1570 1100 1085 8 0 159 0 0 1 0 0 1 
6866 16176 1313 339 2341 1488 2 1 437 0 0 0 0 1 0 
3574 16172 3166 1782 2125 921 27 1 147 0 1 1 0 0 0 
7383 9435 2369 1897 1019 612 11 1 181 0 0 1 0 1 1 
1922 14677 4694 1626 73 677 28 1 126 0 0 1 1 0 0 
3090 17821 2456 557 1511 119 3 0 48 0 0 0 1 1 1 
6299 17366 2945 1239 742 531 6 1 10 0 0 0 0 0 1 
1949 7404 2829 1786 2115 514 18 0 159 0 1 0 1 1 0 
7445 14958 3434 765 2265 506 19 1 104 0 0 0 0 0 0 
5532 3743 1129 289 764 517 1 0 384 0 1 0 0 1 0 
6475 9691 990 95 334 1364 26 1 140 0 1 0 1 0 0 
2751 5366 775 1966 2267 1627 9 1 54 0 0 1 1 1 1 
412 10232 3285 1644 1394 158 2 0 228 0 1 1 1 0 1 
8394 14159 3086 538 1363 1927 9 1 408 0 0 1 1 0 0 
8188 3935 2130 1460 1823 907 27 1 350 0 1 1 1 0 0 
2951 1440 2061 920 43 268 6 1 267 0 1 0 1 0 1 
5287 10580 4421 615 1848 1955 2 0 147 0 0 0 1 1 0 
3088 14647 1733 1479 2143 1853 10 0 88 0 1 0 0 0 0 
1682 11341 4904 720 1994 843 19 0 500 0 1 0 0 1 1 
8532 7680 2807 1505 2403 1410 13 1 50 0 1 0 1 1 1 
3362 18239 2386 443 2312 1004 13 0 361 0 0 0 1 0 0 
4177 7845 3700 634 1000 415 22 0 347 0 1 0 0 0 0 
6412 2716 4728 163 439 214 25 0 397 0 0 1 1 1 0 
6829 14190 1326 1548 470 344 22 0 174 0 1 0 1 1 1 
8420 17218 865 1335 1166 587 22 1 275 0 0 1 1 0 0 
246 15683 3834 56 2453 585 23 0 270 0 1 0 1 1 1 
4884 803 235 1730 217 1940 18 1 413 0 1 1 1 1 0 
3905 3289 1152 1603 1817 1558 14 0 54 0 1 0 1 1 1 
5239 18797 1342 1554 827 524 28 0 103 0 1 0 0 1 1 
3360 7400 4510 442 475 583 1 0 90 0 0 1 0 0 0 
2237 7394 1768 425 916 1575 9 1 239 0 1 1 0 0 1 
4047 1436 3175 1006 29 348 3 0 143 0 1 0 1 1 0 
549 16871 1723 1375 1254 673 6 1 357 0 1 1 0 1 1 
3966 13570 410 554 1369 1209 9 0 116 0 1 0 0 0 1 
7758 11667 2228 1405 967 1708 11 0 316 0 0 0 0 0 1 
4874 1663 1161 1891 380 1190 20 1 70 0 1 0 0 1 1 
6225 12155 2277 690 1041 206 4 1 282 0 1 0 0 1 0 
397 11370 1174 846 2123 1383 10 1 345 0 0 0 1 1 0 
6793 11237 1745 270 1638 1901 10 0 153 0 1 1 1 1 0 
2827 14246 1201 1287 1119 1385 1 0 93 0 0 0 1 0 1 
1829 9204 3475 992 92 1813 28 1 234 0 1 1 1 0 0 
4360 11339 579 716 272 1659 8 0 185 0 0 0 0 0 1 
2734 2401 3895 583 802 572 17 1 290 0 1 0 1 0 1 
6061 8348 1847 1982 460 1014 28 1 87 0 0 0 0 1 0 
6792 15250 1564 1056 1027 484 17 0 107 0 1 0 0 1 1 
7036 843 2147 1254 1955 1999 29 0 292 0 0 1 0 1 1 
4051 1065 2417 1134 165 1708 28 1 379 0 0 1 1 1 1 
8984 12373 2970 1272 25 723 3 0 391 0 1 0 0 0 0 
7840 14841 3985 52 2070 1010 1 0 64 0 1 0 0 1 1 
697 4491 2322 1905 452 570 22 1 169 0 0 0 1 1 1 
4558 835 3649 1985 296 1826 4 0 400 0 1 0 1 1 0 
1972 5753 2622 1254 1080 1356 14 0 482 0 1 0 1 1 0 
2458 19253 2946 390 2325 861 29 0 421 0 0 1 1 0 1 
8951 6740 3643 1939 620 843 6 1 307 0 1 0 1 1 0 
7356 19750 1151 803 894 1050 22 0 215 0 1 1 0 0 1 
2007 19922 2421 819 556 1956 11 1 55 0 0 1 1 0 0 
7494 14675 1769 1058 935 1587 9 0 181 0 1 0 0 0 0 
30 6911 1542 121 279 767 28 0 256 0 0 0 1 1 1 
1167 12163 222 1520 1883 741 19 0 240 0 1 1 0 0 0 
2261 11192 3242 1980 1968 1180 21 1 216 0 1 1 0 0 1 
1208 18140 4827 727 2282 381 4 0 344 0 0 0 1 1 0 
734 1866 4683 486 209 285 15 1 152 0 1 0 0 1 1 
7001 7219 1290 1831 1523 543 12 0 187 0 0 0 1 1 0 
1879 13279 4241 1697 1945 1620 1 0 127 0 0 1 1 0 0 
3355 15190 3177 404 2473 1965 2 0 209 0 0 0 0 0 0 
1931 16560 4986 619 66 1980 3 0 346 0 1 0 0 0 0 
350 456 2369 562 875 267 10 1 411 0 1 0 1 0 0 
478 2203 4481 826 1253 1077 28 0 64 0 1 1 0 1 0 
5105 18267 4218 1893 517 1447 18 0 56 0 0 0 0 1 1 
4749 7729 4749 1330 625 104 7 1 405 0 1 0 0 1 1 
2368 9976 2068 429 2061 499 20 1 42 0 1 1 0 1 1 
6128 11310 2709 376 2273 1303 20 0 458 0 1 0 1 0 1 
2901 9799 4977 854 690 1282 9 0 189 0 1 0 1 0 0 
839 10920 4504 1130 898 1785 29 0 378 0 1 0 0 0 0 
5724 13696 856 208 902 337 5 0 213 0 0 0 1 1 0 
8807 19129 2027 1680 551 1232 17 0 147 0 1 0 0 1 1 
5559 18977 4843 1720 742 5 25 1 453 0 1 0 0 1 0 
6353 6122 1530 1406 1800 668 21 1 362 0 0 0 0 0 0 
6100 9146 4549 841 135 1153 23 1 307 0 0 1 1 0 1 
8625 17825 2520 1665 1157 226 12 1 162 0 1 1 0 0 0 
3195 6205 4861 252 1207 871 3 1 467 0 1 1 1 0 1 
1524 2214 155 685 1157 1773 3 1 497 0 0 1 0 0 1 
7499 2318 237 508 29 1778 9 1 270 0 0 1 1 1 0 
1292 14959 1099 847 1192 1366 19 0 0 0 1 1 1 0 0 
5793 14205 1908 1999 1689 1061 7 0 447 0 1 1 0 0 0 
7977 5475 1268 896 474 840 16 0 172 0 1 1 1 0 1 
6844 17025 1110 181 1355 1004 13 0 178 0 1 0 1 1 0 
5617 6303 4077 206 455 1295 16 1 488 0 1 1 0 1 1 
498 9766 2352 1453 664 588 26 0 90 0 1 0 1 0 1 
7166 2388 4672 1030 2009 1941 15 1 337 0 1 0 1 1 0 
1551 1279 2908 1679 1293 1816 29 1 358 0 0 0 1 0 0 
4047 2441 4291 1594 343 1657 0 1 426 0 1 1 0 1 1 
2962 5111 1027 1146 910 567 29 1 151 0 1 1 0 0 0 
8572 11968 4204 75 320 1615 21 0 443 0 0 1 0 0 1 
3027 12153 951 764 964 238 25 1 478 0 1 0 0 0 1 
2493 16889 751 815 1744 1637 13 1 352 0 1 0 0 1 0 
2294 12884 2622 486 849 989 20 1 456 0 1 0 0 0 1 
2541 7858 1758 1659 591 322 10 1 151 0 1 1 1 1 1 
5294 5628 2960 285 1421 192 21 0 184 0 1 0 0 1 0 
3967 8463 133 1037 770 1638 4 0 397 0 0 0 1 1 1 
6470 13722 3811 600 177 646 7 1 191 0 1 1 1 0 1 
2915 15413 2616 1264 1638 473 16 0 88 0 0 1 0 0 1 
4192 2896 4150 900 550 277 18 1 436 0 0 1 0 1 1 
7796 15651 622 674 1806 612 21 0 289 0 0 0 0 0 1 
1249 410 728 1940 1308 363 10 0 489 0 0 0 0 0 0 
8823 14024 746 1437 2158 821 26 1 45 0 1 0 0 1 0 
2851 9608 2298 1403 1458 867 20 0 358 0 0 0 1 0 0 
4408 5689 4881 393 498 69 4 0 247 0 1 1 1 0 0 
6942 7595 2615 1954 1252 1174 14 1 409 0 0 1 0 0 0 
5285 19899 3961 881 1883 1471 15 0 136 0 0 1 0 1 0 
4389 9555 1744 1171 1046 408 26 1 38 0 1 0 0 1 0 
970 6109 190 385 2393 295 14 0 71 0 0 0 0 0 0 
5592 1056 3745 574 1708 1610 23 1 56 0 1 1 0 0 0 
7505 9550 96 1827 2431 301 9 1 68 0 0 0 1 1 1 
4031 19260 1564 1762 588 341 19 0 308 0 0 1 0 0 0 
7374 11471 18 1571 1108 787 18 0 404 0 1 1 1 1 1 
8392 5490 1945 1801 760 715 5 0 202 0 0 0 0 1 1 
2997 9206 1607 594 779 52 4 0 287 0 1 1 0 1 1 
4104 14973 4350 1183 788 525 14 0 206 0 1 0 0 1 1 
4346 3022 2557 859 497 1444 4 0 242 0 0 0 0 0 1 
4426 14833 3323 162 169 1980 28 0 406 0 1 1 1 1 0 
7925 407 2240 720 1402 1874 5 0 405 0 1 1 0 1 0 
5597 8547 3335 855 1860 1569 1 0 403 0 1 1 0 0 1 
7680 4021 2997 1127 929 1531 23 0 407 0 1 0 1 1 0 
2046 14063 4028 1315 433 1802 13 0 239 0 1 0 0 0 1 
6299 16982 673 578 1248 1586 17 1 427 0 1 0 0 1 0 
4248 13677 1818 1794 2366 972 7 0 41 0 1 1 1 1 1 
2864 18448 2580 1070 403 1935 9 0 312 0 1 0 1 0 0 
7459 6501 1143 560 1343 653 29 0 362 0 0 1 0 0 1 
1908 13685 2286 1865 2342 1437 12 0 419 0 1 0 1 0 0 
3345 9000 105 1034 1102 470 17 1 15 0 1 0 0 1 0 
3608 5852 3685 558 1871 747 13 0 477 0 1 0 0 1 0 
3360 5572 1039 1556 1457 1577 6 0 320 0 1 0 0 0 0 
1134 11684 1458 1869 2438 636 7 1 391 0 0 1 0 0 0 
3698 9520 1426 1820 2024 482 10 1 395 0 0 0 1 1 1 
4036 10061 1502 1655 1240 682 30 1 380 0 0 0 0 0 0 
1667 15027 4791 1992 475 1181 7 1 32 0 1 1 1 0 1 
8024 11168 3050 904 2269 420 2 0 303 0 0 0 1 0 1 
5480 2867 4558 1580 249 57 26 0 279 0 0 0 1 1 0 
1551 4482 4046 1954 1156 1368 1 1 365 0 1 0 0 0 1 
3701 6598 1489 1500 1684 772 5 0 115 0 1 1 1 0 0 
7267 6289 2968 823 1063 1948 6 0 190 0 1 0 1 0 0 
4882 11847 2099 218 364 1225 19 1 9 0 0 0 1 1 0 
8645 1745 3555 1364 1322 27 3 1 410 0 0 1 1 0 0 
374 9073 1537 1577 2204 1769 12 1 262 0 1 0 1 1 1 
2955 2678 3957 1001 115 1770 17 1 82 0 1 0 0 1 1 
6789 9792 4624 1742 1352 1146 25 1 304 0 1 0 0 1 0 
1146 404 3540 7 1683 567 19 0 253 0 1 1 1 1 0 
3209 7787 3276 1798 1956 57 16 1 42 0 1 1 1 0 0 
3271 2771 4047 679 2339 173 16 1 470 0 1 0 0 1 1 
4919 177 2176 743 591 1951 9 1 482 0 1 0 0 0 0 
4687 6445 2025 1369 485 1612 5 1 428 0 0 1 0 0 1 
270 18489 2527 1075 342 423 6 1 123 0 0 0 0 0 0 
5482 9178 1273 1085 1351 155 25 1 220 0 0 0 1 1 1 
123 16997 817 1766 6 684 0 1 81 0 0 0 1 0 0 
1392 12324 2741 1359 2292 492 2 1 437 0 0 1 0 1 0 
3332 4601 890 1261 287 724 9 0 23 0 0 0 0 1 1 
1882 1333 4602 1214 1736 1310 20 0 459 0 1 1 0 0 0 
3808 7392 3199 82 564 236 9 0 302 0 1 0 1 1 1 
7045 1282 2308 414 1709 720 12 1 389 0 0 0 0 0 0 
3844 11822 4885 853 2403 1935 16 1 134 0 1 1 0 1 0 
2574 5649 2194 1679 318 1402 25 1 77 0 0 1 1 1 0 
2668 2988 3363 888 1954 670 11 0 330 0 0 1 1 1 0 
5259 9659 2688 311 1668 974 28 1 58 0 1 1 0 0 0 
8541 19088 4286 1070 162 729 9 1 382 0 0 0 1 0 0 
1210 4424 4421 1513 1324 882 14 0 123 0 1 0 1 1 0 
7173 11456 2249 466 2390 837 5 1 207 0 1 1 1 1 1 
3403 4945 4424 1824 746 105 27 1 456 0 1 0 1 1 0 
3748 9848 4223 1091 103 1729 5 1 12 0 1 0 0 1 0 
1103 13726 278 1344 1513 154 24 0 475 0 1 1 1 0 0 
2531 4770 1609 1311 1616 680 16 1 59 0 1 0 1 1 0 
288 2310 2450 1882 2141 1213 26 0 118 0 0 1 0 0 0 
5719 12667 1908 1714 1690 1091 4 1 123 0 1 1 1 0 1 
5320 5499 2099 826 1932 1828 3 1 325 0 0 0 0 1 1 
1049 5635 310 1762 823 1133 20 1 115 0 1 1 0 0 0 
8902 7335 2505 1367 21 285 10 1 442 0 1 0 0 1 1 
5584 5111 62 1209 2108 1556 20 0 174 0 0 1 1 1 1 
2664 14105 4729 719 1077 760 9 1 113 0 0 1 1 0 1 
1115 18587 3221 1156 1288 993 10 0 55 0 1 0 1 0 1 
670 17691 2413 1215 2121 1443 15 0 39 0 0 1 0 0 1 
6720 19928 384 1654 1873 1631 16 0 347 0 0 1 0 1 0 
1671 12564 1551 540 2409 1135 11 1 188 0 0 0 0 0 0 
2228 17240 4170 30 1706 688 20 1 378 0 1 1 1 1 1 
32 1485 3768 957 549 1318 19 0 175 0 0 1 0 1 1 
3622 17484 1666 511 266 37 4 0 246 0 0 1 1 0 0 
5009 8707 1024 1159 2241 383 20 1 87 0 0 0 0 1 0 
2800 4166 663 1389 2269 1319 11 1 83 0 1 0 1 1 0 
2326 15028 800 343 934 1565 20 1 18 0 1 1 1 1 0 
5613 13452 3370 717 240 1075 15 1 48 0 1 1 1 1 1 
7923 16477 3631 246 2191 184 3 1 457 0 1 0 1 0 0 
8652 4889 4356 1572 1714 1892 4 0 103 0 1 1 0 0 1 
2259 7738 4443 1222 622 1057 5 0 24 0 1 0 1 1 0 
3938 15740 1782 1074 565 1065 29 0 344 0 1 1 1 1 1 
7600 2622 390 981 975 1347 9 1 266 0 0 1 1 1 0 
1427 2487 2466 1728 1656 125 14 1 28 0 1 0 1 0 1 
8462 6927 898 1295 2297 1768 20 1 415 0 1 1 1 1 0 
8099 9635 2063 1206 1081 498 13 0 49 0 1 1 0 1 0 
3606 14012 340 903 970 1834 6 1 75 0 1 1 0 1 1 
7354 4275 1609 1444 650 729 28 1 307 0 1 0 0 1 1 
2897 198 188 1915 6 878 5 1 342 0 1 0 1 0 0 
479 15147 796 1847 96 1051 15 1 349 0 0 0 1 0 1 
7768 15803 630 311 596 1699 15 1 265 0 1 0 0 0 1 
4074 17062 1775 522 1074 1574 27 1 233 0 1 1 1 0 0 
4126 18197 1524 566 183 118 9 0 436 0 0 0 1 0 1 
2597 5546 4870 1752 1053 1123 13 1 320 0 1 0 0 0 1 
3148 15699 4145 115 1676 1222 0 0 246 0 0 1 1 0 1 
8458 12458 4388 1454 28 623 4 1 127 0 1 1 1 1 0 
8710 5439 3468 1179 919 1882 5 0 78 0 1 0 0 1 0 
7556 1068 3788 987 1234 24 23 0 452 0 0 1 1 1 1 
988 14534 793 1527 1577 1003 26 0 282 0 1 0 1 0 0 
6644 8730 4692 1607 1066 1047 12 1 288 0 1 0 1 1 1 
1239 11954 3202 1929 832 127 5 0 359 0 0 1 0 1 1 
3516 16780 3736 881 893 1479 29 1 434 0 0 0 1 1 0 
4771 8418 4878 499 550 1297 2 1 224 0 0 0 1 1 0 
1717 669 4910 632 1723 403 2 1 371 0 1 1 1 0 0 
762 3486 411 662 2012 582 5 1 300 0 0 0 1 1 0 
263 8584 3010 1414 1820 1588 28 1 210 0 0 1 0 0 1 
7772 12667 2194 306 312 359 21 0 25 0 0 1 1 1 0 
6746 13974 893 1144 2415 287 4 0 15 0 0 1 1 1 1 
5627 12974 2567 603 2157 1299 27 1 48 0 0 1 1 1 1 
197 6345 4635 1309 2494 897 16 1 401 0 1 1 0 1 1 
8751 2769 1751 162 542 76 7 1 78 0 1 0 0 1 0 
2119 5628 1231 1175 401 1358 16 1 127 0 1 1 0 0 0 
6996 1058 4635 1488 1628 1057 15 1 387 0 1 0 0 0 1 
1318 8132 3268 601 68 720 1 1 351 0 0 0 0 1 1 
5664 12612 3284 280 587 1653 12 0 5 0 0 0 1 1 0 
4381 16745 4035 1429 642 1125 9 0 396 0 1 0 1 0 1 
534 18328 2490 1773 1783 1652 10 1 8 0 0 1 0 0 1 
5029 14550 4723 1969 89 369 20 0 143 0 1 0 0 1 1 
1535 15199 2951 272 1791 633 9 1 190 0 0 1 1 0 0 
24 9384 2855 873 1011 402 7 1 198 0 1 1 0 1 1 
57 7078 549 72 1571 589 20 0 138 0 1 0 0 1 1 
3833 7153 2713 1582 463 430 11 1 100 0 0 0 1 1 1 
4864 16107 862 279 1505 1025 10 1 426 0 1 0 1 1 0 
3922 3807 4451 675 2419 825 26 1 205 0 1 1 0 0 0 
5123 5266 429 459 2491 1212 28 1 231 0 0 1 1 1 0 
7247 19919 3643 760 1798 1752 7 0 354 0 1 0 1 1 1 
230 14900 350 740 433 804 27 0 228 0 1 0 0 1 0 
368 17664 2382 1013 69 336 3 1 117 0 0 0 0 1 1 
2852 447 3624 797 153 1775 18 1 45 0 0 1 1 0 0 
4509 17767 1545 193 1899 267 0 0 260 0 0 0 0 1 1 
1949 14747 139 1190 619 1571 17 0 428 0 1 0 1 1 1 
3906 13597 1625 1786 162 19 23 1 84 0 0 1 0 0 1 
5470 6383 2501 1737 1295 1496 24 1 86 0 0 1 1 1 0 
7900 1116 1499 1023 290 327 19 0 489 0 0 1 0 1 0 
8947 5471 1798 995 1992 1630 23 1 350 0 0 1 1 1 0 
2412 6739 691 748 1995 210 25 1 473 0 1 0 0 0 1 
1347 89 138 531 744 112 2 0 480 0 0 0 0 0 0 
7757 449 1124 1534 1796 1674 10 0 304 0 0 0 0 1 0 
5219 10272 1149 1409 1015 269 23 0 439 0 0 0 0 0 0 
6118 8599 3956 1085 1050 247 8 0 313 0 0 1 0 1 0 
5541 2036 772 315 916 1954 10 0 497 0 0 0 1 0 1 
5499 9885 985 746 1300 1709 18 1 143 0 1 0 0 0 0 
8516 11345 3520 866 600 1516 19 1 384 0 0 1 0 0 0 
5538 8809 3158 958 1746 793 12 0 315 0 0 1 0 1 1 
2104 7251 3898 5 2104 66 19 0 55 0 0 0 1 1 0 
5244 13732 998 665 2461 1205 8 0 223 0 0 1 1 0 0 
1152 14637 4004 1896 1104 131 16 0 371 0 1 1 0 0 0 
3477 1233 3303 42 1711 100 27 0 37 0 1 1 0 1 0 
4665 39 1280 457 2396 403 7 1 163 0 0 1 1 0 0 
8837 5009 1178 1491 1263 107 26 1 64 0 0 0 1 1 0 
2055 18982 114 563 295 1127 7 0 238 0 0 1 0 0 1 
600 5900 4406 578 2497 137 26 0 377 0 0 0 1 1 0 
5055 10080 2425 1037 1721 611 9 0 391 0 0 1 1 1 0 
7365 19922 1329 521 926 579 21 1 390 0 0 1 1 0 0 
1469 19831 505 1833 869 581 10 0 432 0 1 1 0 0 0 
5225 3266 1821 962 2337 962 15 1 176 0 0 0 0 1 0 
4983 12613 269 1257 110 432 2 0 70 0 1 1 0 1 0 
487 17279 487 55 303 934 6 1 50 0 1 1 1 1 0 
3913 2830 4641 758 2152 4 25 1 290 0 0 0 0 1 1 
5326 2278 4094 403 2127 249 27 1 380 0 0 1 1 0 0 
4016 460 123 610 928 1245 9 1 58 0 1 1 0 1 1 
5142 16826 3244 56 1034 600 26 1 179 0 1 0 0 1 0 
4321 7470 4590 1883 814 1063 10 0 282 0 1 1 0 1 0 
4916 8728 3576 1655 1472 1357 23 1 297 0 1 1 1 1 1 
8397 610 1152 272 413 777 14 1 38 0 0 0 0 0 0 
8477 15487 1262 1848 1843 775 22 1 477 0 1 0 0 1 0 
3467 6046 1314 1774 991 1905 6 1 2 0 1 1 1 0 1 
4273 5378 1242 1373 2244 1858 23 0 145 0 1 1 1 0 1 
1435 13114 908 800 524 1489 4 0 423 0 1 1 1 1 0 
2048 5501 4583 1617 1498 1917 15 1 93 0 0 0 0 0 1 
81 8158 4139 54 2372 872 14 0 292 0 0 1 1 1 1 
3707 352 3451 84 220 893 28 1 172 0 1 1 0 1 1 
7502 14999 4700 496 184 1685 22 1 72 0 1 0 0 1 1 
2637 3426 3570 1005 64 1704 7 0 221 0 1 1 0 1 1 
7287 5991 3284 868 419 1878 27 0 19 0 1 0 0 1 1 
4820 5253 4588 333 1018 291 4 1 293 0 0 1 0 1 0 
5885 16973 2825 1558 675 851 26 0 176 0 1 1 0 1 0 
3253 4012 3567 541 1211 1643 1 1 161 0 0 0 0 1 0 
8251 605 1619 1153 1014 212 19 1 165 0 1 0 1 0 1 
3446 9528 830 1990 2133 812 1 0 290 0 1 1 0 0 0 
2008 5616 4945 1697 1514 1246 29 1 239 0 0 1 1 0 0 
7127 17910 623 222 1486 943 25 0 205 0 1 1 0 0 0 
2167 14478 3031 621 2450 58 27 1 488 0 1 1 1 1 0 
6732 2527 1478 271 1057 1446 5 0 252 0 0 1 1 1 1 
7790 8815 2122 1341 1325 282 26 0 265 0 0 0 0 1 0 
2805 17213 2867 1978 529 822 27 0 331 0 0 0 1 1 1 
5986 519 1083 857 819 1483 1 0 154 0 0 0 1 1 1 
1063 19770 577 485 19 139 7 1 62 0 1 0 1 1 1 
145 7181 3311 1095 1281 702 20 1 347 0 0 0 0 0 1 
1633 17810 3371 1321 1905 890 28 1 336 0 1 0 0 1 1 
5509 2804 2838 1424 454 1191 27 0 367 0 0 1 0 1 0 
6758 14881 2800 26 1086 866 13 0 351 0 0 1 1 1 1 
890 19157 4308 594 1879 92 14 1 493 0 1 0 1 1 1 
228 12537 1594 1943 2296 1750 17 0 131 0 0 0 0 0 1 
4730 9258 4015 1376 1740 1791 18 0 134 0 0 1 0 0 1 
6767 3700 3790 639 922 432 23 0 480 0 1 0 1 1 1 
567 12584 3468 399 1876 1737 4 0 157 0 0 0 0 1 1 
2749 14106 1752 1533 2443 484 3 0 76 0 1 1 0 1 0 
582 1526 2880 1075 1687 881 15 0 449 0 1 1 0 0 0 
6787 12037 1444 485 170 916 8 1 223 0 0 1 0 1 0 
8948 429 4679 1089 1399 1356 10 0 41 0 0 0 1 1 0 
6048 11805 2690 1593 1360 144 21 1 340 0 0 0 0 0 1 
458 12252 1518 1719 837 1689 25 0 277 0 1 0 1 0 1 
530 3552 844 23 532 137 28 0 460 0 0 0 1 0 1 
4231 3434 4407 193 1810 737 28 0 397 0 1 1 0 0 1 
6025 10948 107 520 956 928 11 0 399 0 1 0 1 1 0 
4141 5021 4394 465 652 1573 13 1 376 0 1 0 0 0 0 
3055 9270 1801 241 742 1063 22 0 291 0 1 0 0 0 1 
5187 7401 814 110 573 1789 18 0 148 0 0 0 1 0 1 
4750 9053 3229 1733 1317 1163 4 0 418 0 0 0 0 1 1 
46 17185 354 1563 1200 1138 5 0 87 0 1 0 1 1 1 
2391 5179 4226 244 765 1539 21 1 149 0 1 0 1 0 0 
6776 7867 4236 671 2477 1037 12 1 300 0 1 0 0 1 1 
198 7745 4248 1115 60 762 25 0 378 0 0 0 0 0 0 
900 10803 462 377 2038 1249 17 1 377 0 0 0 1 0 1 
5897 9430 2798 1743 1671 255 7 1 68 0 0 0 0 0 1 
7979 19881 4552 487 1697 1098 27 1 214 0 0 0 0 1 0 
5650 4365 140 545 2246 289 27 0 441 0 0 1 0 0 1 
2239 1950 335 1722 2346 1704 13 0 26 0 0 0 1 0 1 
41 15594 3641 450 1762 1323 8 1 417 0 1 1 0 1 1 
2884 15635 2206 1729 2299 131 3 0 455 0 1 1 0 0 1 
4094 12258 2693 790 512 1292 6 1 163 0 0 0 1 1 1 
1383 3604 1876 378 1992 1863 25 1 480 0 1 0 1 1 0 
4563 3483 1968 912 141 403 17 0 35 0 0 1 1 1 0 
6257 17678 934 1494 426 816 27 1 62 0 1 0 0 0 0 
6204 3738 3825 1543 677 46 8 0 303 0 0 0 1 1 1 
742 2364 552 220 801 1972 10 1 10 0 0 1 1 0 1 
8223 14009 918 1810 2073 1726 14 1 301 0 0 0 1 1 1 
7131 444 1447 1405 2016 868 9 0 175 0 1 0 0 0 1 
4709 14712 4556 854 1205 1359 18 1 89 0 1 0 0 0 0 
2627 14226 619 820 1469 494 29 1 464 0 1 1 0 0 0 
7567 19562 3049 1235 1065 1964 24 0 340 0 1 1 1 1 0 
7173 17832 1619 1585 543 1608 27 0 123 0 1 0 1 1 0 
7239 14942 2195 762 552 1580 15 0 425 0 0 0 1 1 1 
4920 9649 1962 963 2153 1190 7 0 491 0 0 0 1 0 1 
3428 6402 2190 1977 756 1298 1 1 145 0 1 1 1 0 1 
5825 19570 4940 1668 2375 1626 19 0 176 0 0 0 0 1 1 
7965 12931 1604 371 2024 473 27 0 171 0 0 0 0 1 0 
257 3154 3424 936 413 235 11 0 274 0 0 0 0 1 0 
1099 10539 4631 1342 311 625 14 0 65 0 0 0 0 0 0 
3499 4104 277 1985 499 1050 3 0 285 0 1 1 1 1 0 
3605 9418 2617 164 1415 88 29 0 219 0 0 1 0 1 1 
1613 7681 3813 15 801 146 28 1 406 0 1 1 0 1 0 
8388 13593 4864 523 151 265 12 0 189 0 0 0 0 0 0 
6332 733 2204 569 452 451 17 1 289 0 0 0 0 1 1 
8636 18475 1963 1813 814 1292 22 1 235 0 0 0 1 0 1 
2413 18942 2947 40 1515 1793 20 0 183 0 0 0 1 1 0 
988 10111 2326 1052 466 93 13 1 324 0 1 1 1 0 1 
255 18740 2448 142 461 896 12 1 151 0 1 1 1 0 1 
8759 170 4268 277 93 1098 21 1 69 0 1 1 0 1 1 
6565 20006 1428 470 1162 259 22 0 223 0 0 1 0 0 0 
6881 2837 1878 349 584 1485 29 1 354 0 0 0 1 1 1 
8397 6241 4205 1726 873 189 2 1 456 0 0 0 0 1 0 
965 13804 2996 1434 710 450 7 1 428 0 1 0 0 0 0 
5053 1352 4025 832 2306 834 3 1 413 0 1 0 1 1 0 
4707 7402 1975 898 407 1975 14 0 421 0 1 0 1 1 0 
6084 6494 2379 15 1137 808 14 1 476 0 0 0 0 1 0 
771 5688 3401 1057 2109 601 13 1 70 0 1 1 1 0 1 
2964 16614 2823 937 1585 1909 17 1 343 0 1 0 1 1 0 
8318 12936 738 74 733 20 9 1 472 0 0 1 0 0 0 
941 4398 3994 180 673 1577 2 0 285 0 1 0 1 0 1 
7437 10455 835 1369 1574 744 16 1 372 0 0 0 0 1 1 
5109 19270 2544 1799 1829 42 2 0 499 0 0 1 1 0 0 
937 10078 1402 133 2415 1778 7 0 345 0 1 1 0 1 1 
2861 918 4333 228 618 1574 29 0 5 0 1 0 1 0 0 
1259 9884 4017 1981 1587 36 5 0 272 0 1 1 1 1 0 
5595 10488 1686 612 2215 982 7 0 102 0 1 1 1 0 1 
5653 2862 4846 405 2434 294 6 0 218 0 0 0 0 1 0 
6856 18175 561 1590 1557 1326 6 1 374 0 1 1 0 1 0 
4242 18229 4072 466 1797 1666 26 1 192 0 0 0 1 1 1 
2013 13384 4393 1721 636 906 13 1 127 0 0 0 0 1 1 
5178 5982 3182 202 591 1990 29 0 321 0 1 0 0 1 0 
6044 2922 868 1064 478 794 6 0 493 0 0 1 0 0 1 
3746 8033 1459 359 888 1121 29 1 189 0 1 1 1 0 0 
3110 13913 4193 1962 568 654 24 1 134 0 1 0 0 1 0 
2076 13897 4604 1472 1141 1863 18 0 487 0 0 0 1 1 0 
288 1156 3413 1781 789 172 10 1 195 0 1 0 0 0 1 
8911 15403 4113 839 1714 1287 15 1 191 0 0 0 0 1 0 
1085 13627 2024 1277 373 240 17 0 199 0 0 1 1 1 1 
8912 13281 967 706 1819 1280 20 1 201 0 1 0 1 1 1 
4258 1593 588 1320 2404 47 27 0 128 0 1 0 0 0 1 
7949 8747 1396 882 1236 1545 19 1 318 0 0 1 0 0 1 
7909 4551 2180 8 1057 1392 11 0 327 0 1 1 1 0 0 
3016 15290 818 152 832 783 3 0 468 0 1 1 1 0 0 
6902 10735 381 1649 1986 1904 12 1 258 0 0 1 1 0 0 
1622 9946 4693 1148 2377 500 8 1 396 0 0 0 1 1 1 
5280 1384 1105 754 1687 424 17 0 377 0 1 1 1 0 1 
8818 9131 1831 825 531 787 26 0 411 0 1 0 1 0 1 
7622 7282 2874 7 1587 538 8 0 126 0 1 1 1 0 1 
2481 1947 1742 1386 579 504 9 0 410 0 0 1 1 0 1 
2131 11285 156 1209 2223 183 16 1 141 0 1 1 0 1 0 
4943 3429 2872 363 2069 1580 22 1 163 0 1 0 1 0 0 
4638 8592 1139 412 2048 371 25 0 319 0 1 1 0 0 1 
8688 1764 3048 1612 938 605 27 1 253 0 1 0 1 1 0 
8800 6467 4771 857 1721 371 6 1 355 0 0 1 1 1 1 
3533 6855 2153 1234 1016 520 2 1 228 0 1 1 0 1 0 
2315 6961 2077 1905 629 210 16 0 240 0 0 0 0 0 1 
8498 2866 4960 1856 2435 1089 27 1 265 0 1 0 0 0 1 
266 9826 3666 945 425 1994 13 1 27 0 0 0 0 1 1 
3468 4526 4194 1333 1994 822 4 0 109 0 0 1 0 0 0 
7462 18426 3956 215 485 1464 16 1 381 0 0 1 1 1 0 
1721 15949 250 1736 1400 1248 28 1 192 0 0 0 1 0 0 
6078 8858 2979 1617 2433 226 20 0 115 0 0 1 1 0 1 
7469 11638 4545 1481 1034 850 21 0 134 0 0 0 1 1 0 
4872 11840 3695 1966 222 1346 12 0 439 0 0 1 0 1 1 
8751 2057 3296 1640 1977 531 28 1 271 0 0 0 0 0 1 
7873 18083 1507 608 1230 454 21 1 197 0 1 1 1 1 0 
7248 10826 2509 851 2494 1289 26 0 41 0 0 0 0 0 0 
3593 10959 3162 1087 2381 1079 9 0 233 0 1 1 0 1 0 
3965 17053 3198 1780 1971 1720 15 0 343 0 0 1 1 0 0 
2610 15212 4447 409 997 783 18 1 403 0 1 1 0 0 1 
5181 4740 3301 1855 470 115 21 0 480 0 1 0 1 1 1 
4728 7252 10 1574 343 1638 2 1 497 0 1 0 1 0 1 
584 11419 4415 1907 601 1290 22 1 462 0 1 0 1 1 0 
6914 1303 4280 1287 2261 766 18 0 4 0 0 1 0 1 0 
8188 317 2376 493 292 1752 8 0 258 0 0 0 1 1 1 
4729 6203 4842 1248 1256 46 25 1 279 0 1 0 0 1 1 
3313 14366 777 942 285 591 21 0 120 0 0 0 1 0 0 
5162 127 3708 64 1035 640 15 0 189 0 1 1 1 0 1 
3777 6223 890 719 1297 1317 15 0 234 0 1 0 0 1 1 
6497 14802 2711 1655 716 1739 11 1 251 0 1 1 1 0 0 
6337 16243 4943 316 235 3 2 1 335 0 1 0 1 0 0 
8202 16979 1802 1060 1253 1842 9 1 164 0 1 1 1 0 1 
2446 9972 2503 1816 210 1347 18 1 431 0 0 0 1 0 0 
3755 2992 3254 1769 566 1046 7 1 415 0 1 0 1 1 1 
492 8224 1666 1272 235 716 22 1 454 0 1 1 1 0 1 
4837 2185 747 84 927 69 12 1 354 0 1 1 1 1 0 
7893 6188 2985 328 81 921 26 1 42 0 1 1 0 1 0 
5487 16784 4977 1630 1790 283 8 0 276 0 1 0 0 1 0 
694 3268 4429 922 1131 1279 11 0 177 0 0 0 0 0 1 
4464 9514 1856 886 554 668 11 0 97 0 0 0 1 0 0 
3740 12495 359 548 357 1551 12 0 114 0 1 1 1 1 1 
7441 5783 462 581 103 500 1 1 190 0 0 0 0 0 0 
7935 7321 1319 316 1659 573 18 1 403 0 1 0 1 0 0 
2503 4751 742 1960 456 620 11 0 357 0 1 1 0 1 0 
2707 14537 4520 118 1786 766 8 1 371 0 1 1 0 1 0 
8955 12863 543 1236 2489 1395 15 1 227 0 0 0 1 1 1 
2444 14758 2207 306 1889 1345 10 1 147 0 0 0 1 1 0 
8509 4658 2798 98 1845 1893 11 0 106 0 0 1 0 0 0 
8451 6587 1565 1730 488 766 11 0 194 0 1 0 1 1 1 
4631 18717 1701 842 1024 431 24 0 7 0 0 0 1 1 0 
3812 7043 592 1480 1651 965 25 1 394 0 1 1 1 1 1 
87 11546 1406 1593 2027 1448 20 1 128 0 0 0 0 1 0 
3507 19248 4289 475 1131 63 16 1 464 0 0 1 0 0 0 
8602 19022 2234 180 976 1663 22 1 90 0 0 1 0 0 0 
2173 18589 4678 927 482 546 1 1 372 0 1 0 0 0 1 
1021 13713 2501 496 2302 1648 16 0 171 0 1 1 1 0 1 
7033 10726 1566 855 2296 493 7 0 47 0 1 1 1 1 1 
417 16952 3956 645 791 1311 0 0 125 0 1 0 0 0 0 
7755 18812 3546 1125 1218 73 16 1 364 0 0 0 1 1 0 
7230 6973 418 1813 216 1371 6 1 440 0 1 0 0 0 1 
5315 3157 576 1980 240 505 12 0 374 0 1 0 0 0 1 
7801 18773 2470 663 2187 1598 17 0 109 0 0 1 0 0 0 
381 4353 494 707 2497 1699 8 0 305 0 1 0 0 0 1 
8457 17496 1153 49 972 583 21 1 93 0 1 1 1 1 0 
1219 10468 2097 1975 362 121 15 0 139 0 1 1 1 1 1 
3799 5255 273 1089 1734 874 26 1 190 0 1 0 1 0 0 
3745 454 1895 1390 1062 1851 15 0 17 0 1 1 1 1 1 
4810 11224 458 1 908 1647 16 0 11 0 0 0 0 1 0 
8053 9270 324 1126 1347 1475 21 1 321 0 1 1 0 0 0 
71 16637 3247 1738 876 560 9 1 122 0 0 0 0 0 0 
7525 15484 1155 1840 381 1290 25 1 84 0 1 1 0 1 1 
561 69 406 1186 1601 1144 6 0 235 0 1 0 1 0 1 
4527 9254 4929 1780 45 1309 1 0 316 0 1 0 1 0 0 
342 13870 2283 1692 2024 1915 8 1 63 0 1 1 0 0 1 
2681 17576 3623 1736 215 784 20 1 477 0 1 0 0 0 0 
4821 141 4342 1815 1254 485 27 1 85 0 0 1 0 1 1 
4767 4579 4333 1522 797 355 23 1 113 0 0 0 0 0 0 
2283 3890 3090 535 1440 174 18 1 63 0 0 1 1 1 0 
1486 7391 4520 1825 2409 531 20 0 162 0 0 0 1 0 0 
7991 2243 1364 700 666 67 7 0 128 0 1 0 0 0 0 
3575 12741 398 665 1034 969 5 0 57 0 1 1 0 0 0 
4312 1637 3454 164 276 60 15 1 190 0 1 0 1 0 0 
6127 5959 3261 220 1285 1992 19 0 77 0 1 0 0 1 0 
4120 19850 2743 11 1713 279 9 0 239 0 1 0 1 1 1 
398 12399 1002 1560 594 939 22 1 399 0 1 0 0 1 0 
3105 6567 3476 1325 748 1209 19 1 387 0 1 1 0 0 0 
8962 1610 3721 1730 151 1267 27 1 439 0 0 1 0 1 0 
5559 4837 3924 249 1863 1097 30 1 174 0 0 0 0 0 0 
1686 16647 3226 1763 334 1855 6 0 408 0 1 1 1 0 0 
5803 16387 568 1522 51 516 5 0 262 0 0 1 1 1 0 
1726 4967 1321 1495 1073 1683 20 1 26 0 1 1 0 0 1 
7540 6154 2024 1375 1426 569 1 0 169 0 0 0 0 1 0 
2605 3219 1098 1571 1251 942 10 1 492 0 1 0 1 0 1 
2190 5743 2233 1445 249 942 10 0 151 0 0 0 1 1 1 
294 5975 3993 681 664 1727 7 1 154 0 0 1 0 0 0 
6585 11710 4965 456 802 943 6 0 201 0 1 1 0 1 0 
5298 8105 3123 962 915 1752 2 1 374 0 0 0 0 0 0 
6357 2604 913 1568 500 792 8 0 412 0 0 0 1 1 1 
3800 11978 390 540 286 968 12 1 217 0 1 1 0 0 0 
7858 18694 4658 749 669 1728 21 1 206 0 0 1 0 1 0 
7139 14069 1062 1449 2188 1619 8 1 5 0 1 0 0 1 0 
597 71 1413 1068 1089 1995 5 0 21 0 0 0 0 0 1 
7204 10797 4910 1574 2175 1140 20 1 292 0 1 0 1 1 0 
3865 2553 2882 1616 1152 1450 22 1 124 0 0 1 1 1 1 
2683 10545 2669 891 2292 267 17 0 6 0 0 0 0 0 0 
3566 6345 2706 1706 1896 405 28 1 208 0 0 1 1 0 1 
8617 7820 388 1108 1126 10 14 1 412 0 1 1 0 1 1 
8133 19883 4755 1161 1631 378 18 0 312 0 0 0 0 0 0 
267 6405 2355 1757 928 479 3 1 77 0 0 1 1 1 1 
951 589 2127 1828 1000 1651 22 0 434 0 0 1 1 1 0 
8971 11067 536 1019 2005 190 24 0 246 0 1 0 0 0 1 
4750 5452 970 1 998 1002 7 0 462 0 0 1 0 0 0 
2450 2077 4995 1894 1779 218 19 1 429 0 0 0 0 0 0 
1167 7427 1233 123 2316 555 12 1 189 0 1 0 1 0 0 
3843 3231 482 1912 1480 1545 16 0 70 0 0 0 1 0 0 
907 8593 1174 1056 1278 1527 11 1 299 0 0 0 1 1 1 
747 12502 4335 1304 2341 102 24 0 401 0 1 1 1 0 1 
3845 7793 3871 1297 1706 644 7 0 190 0 1 0 1 0 0 
5528 4668 4982 508 470 331 16 1 490 0 1 0 0 1 0 
2837 19211 2155 768 648 155 5 0 454 0 1 0 1 0 0 
1363 17404 3733 965 163 629 7 0 80 0 1 0 0 0 1 
4119 8888 3214 310 1709 779 4 0 182 0 1 1 0 0 1 
660 16328 163 1524 1976 737 7 1 59 0 1 0 0 1 0 
7765 18616 744 1633 47 442 7 1 32 0 0 0 0 0 1 
1855 374 3168 206 1691 57 29 1 342 0 1 1 0 0 0 
4976 971 806 312 596 427 20 1 193 0 0 1 0 0 0 
2983 16607 872 1809 2027 947 9 1 12 0 0 1 1 0 1 
7782 15447 2570 466 646 487 22 0 28 0 0 1 1 1 0 
2955 3239 2765 1675 553 326 12 0 377 0 0 0 0 1 1 
3179 13704 1887 1945 2113 1587 19 1 171 0 0 1 1 1 0 
3067 11101 1980 1016 2154 398 24 0 494 0 0 0 0 1 1 
3762 11890 4081 1273 117 1239 15 1 355 0 1 1 0 0 0 
6961 7201 4276 1415 224 928 11 0 364 0 1 0 0 1 0 
6524 9813 2524 151 414 1917 17 0 126 0 0 1 0 1 1 
6069 19260 3226 1587 2398 1368 20 1 258 0 1 1 0 0 1 
2714 10447 1484 148 1240 1684 3 0 382 0 1 1 0 0 1 
1441 17244 3246 66 1655 1131 18 1 103 0 0 1 0 0 0 
7451 18775 325 1121 255 61 17 1 450 0 0 0 1 0 1 
8851 6910 3440 1313 1986 548 10 1 470 0 1 1 0 1 1 
1210 16484 1496 82 2011 1202 16 1 6 0 0 1 1 0 1 
1156 11272 821 1732 2065 1431 10 0 39 0 1 1 0 0 0 
2260 18276 1778 567 719 715 30 0 277 0 1 0 1 1 1 
4021 18635 1246 254 441 739 12 0 334 0 1 1 0 0 0 
4770 16787 73 85 2058 1847 21 0 407 0 1 1 0 0 1 
7434 483 421 1522 1720 1662 20 0 220 0 1 0 0 1 1 
3442 16177 461 925 1303 1447 21 1 322 0 0 0 1 0 0 
1743 9009 562 283 22 1337 27 1 426 0 0 1 1 1 0 
337 19363 1506 1525 777 1837 29 0 246 0 0 1 1 0 0 
7430 12449 726 1294 1156 1637 15 1 372 0 0 0 1 0 1 
3906 10716 1691 1670 2361 1803 22 0 292 0 0 0 0 0 1 
8371 16648 516 39 996 735 4 0 216 0 1 0 1 0 0 
8244 4726 1543 1074 735 29 19 1 220 0 1 0 0 0 1 
2964 13393 2721 1625 1914 732 18 0 393 0 1 0 1 1 0 
7088 11682 347 1372 8 1713 1 0 83 0 0 0 0 0 0 
2239 10081 591 548 1888 311 1 0 391 0 1 1 1 0 1 
293 3898 4443 167 506 1638 20 1 477 0 1 1 1 1 0 
6905 11144 4723 534 1995 1304 11 0 199 0 1 0 1 1 1 
5222 10295 4934 656 1221 722 25 1 83 0 0 0 1 1 0 
3179 19415 3110 1296 2474 131 6 1 226 0 1 0 0 0 0 
3843 3356 101 1361 1748 1994 15 0 51 0 0 1 0 1 1 
1287 5261 648 1974 362 1350 10 1 458 0 1 1 0 1 0 
6279 10536 2131 1693 485 84 23 1 54 0 1 1 1 0 1 
1600 12785 1381 1025 398 1032 13 1 368 0 1 1 1 0 1 
3039 2163 3661 513 919 1591 16 0 85 0 1 1 1 0 1 
6608 15805 2945 1623 426 297 9 0 413 0 1 0 1 0 1 
5334 19641 2377 400 2477 216 9 0 166 0 1 0 1 0 1 
1183 1563 3112 24 433 223 8 1 12 0 0 1 1 1 1 
6566 11523 1265 150 1703 210 24 1 231 0 1 0 1 1 1 
9013 7234 2942 1993 619 325 5 0 80 0 1 1 1 1 0 
5374 515 3256 1966 890 560 18 1 399 0 1 1 0 0 1 
8536 3326 4924 1188 1026 52 26 0 103 0 1 0 0 1 0 
5580 11981 1832 1952 2291 399 10 0 263 0 0 0 1 0 0 
7309 8932 2549 1385 723 121 3 0 253 0 0 0 0 1 0 
5807 13783 3714 883 1629 1363 4 1 149 0 1 0 1 0 0 
3376 16552 48 1624 884 101 4 1 288 0 1 1 1 0 0 
6681 8514 1035 727 2331 1059 5 0 34 0 0 0 0 0 0 
3017 18826 2539 1709 811 466 3 1 371 0 0 0 0 1 1 
5193 2230 3387 1104 1739 1403 15 0 485 0 1 1 1 0 1 
6054 6037 2556 1065 1494 1236 6 1 489 0 0 0 0 1 0 
3078 8745 4856 798 2456 437 9 0 61 0 0 0 1 1 1 
1897 1596 3876 692 229 1547 4 0 423 0 1 0 0 1 0 
3943 15345 2561 490 1046 180 22 0 153 0 1 0 1 1 1 
1512 3016 2718 1882 2092 776 8 0 90 0 0 1 1 1 1 
1334 14506 1401 177 2437 282 6 1 125 0 0 0 0 0 0 
7662 17954 4801 507 2204 394 1 0 194 0 1 0 1 0 0 
4010 16717 4552 198 1620 1606 4 0 33 0 1 0 0 0 0 
2986 8972 4306 1954 1715 433 23 1 349 0 1 1 1 0 0 
7317 2001 850 442 2137 1434 23 0 414 0 1 0 1 1 0 
8814 6477 2642 1330 288 1348 8 0 279 0 1 1 0 0 0 
4831 2013 3521 143 784 701 10 1 381 0 1 1 1 1 0 
1032 17116 955 175 1105 1150 11 1 280 0 0 0 0 0 0 
3258 10784 4707 707 52 1645 23 0 355 0 1 0 0 1 0 
6817 4481 553 864 941 946 24 0 420 0 1 0 1 1 1 
6027 274 2013 203 1544 1336 27 1 313 0 0 0 0 1 0 
4698 10524 4916 870 350 1509 24 1 363 0 1 1 0 1 0 
4036 6800 1752 590 2362 872 15 1 400 0 0 1 1 0 1 
1040 19419 671 1346 2232 1131 2 0 341 0 1 0 1 0 1 
2628 16259 3733 1295 2408 1533 29 0 122 0 0 1 0 1 0 
5921 914 2779 1900 1275 847 1 0 75 0 1 0 1 1 1 
4098 9722 4350 1568 1045 1838 9 0 170 0 1 0 1 1 0 
1182 7283 1379 58 1709 1182 25 1 384 0 0 1 0 0 0 
5836 16578 3356 984 1697 1353 30 1 127 0 1 0 0 0 0 
6467 17052 4023 1715 1729 722 6 1 371 0 0 0 0 1 0 
6624 19810 9 622 205 127 5 1 476 0 1 0 1 0 0 
5123 19504 2657 1873 2159 1267 25 1 375 0 0 1 0 1 0 
7578 7339 1380 772 2102 892 16 1 402 0 1 1 1 0 0 
5991 16760 4469 1143 2015 892 4 0 322 0 0 0 0 1 1 
4853 4533 4346 579 435 589 6 0 362 0 0 1 1 1 0 
8402 4824 4727 854 2074 1001 2 0 279 0 0 1 0 0 1 
7375 16058 3307 707 1822 408 23 0 329 0 0 0 0 1 0 
5040 1526 2988 180 1879 448 11 0 319 0 0 1 1 0 0 
3679 10195 2870 34 1609 1323 14 0 443 0 0 1 0 0 0 
5767 17633 1465 427 769 936 1 1 299 0 1 0 1 0 1 
6273 15549 3682 1470 1778 1110 2 1 67 0 1 0 1 0 1 
7081 17689 1041 558 2038 1241 9 1 290 0 1 1 0 1 0 
928 8779 222 257 163 1018 17 0 433 0 0 1 1 1 1 
1498 9249 1283 163 1246 1349 6 1 259 0 1 0 0 0 1 
864 12541 1764 584 1506 1617 27 1 148 0 1 1 1 0 1 
5863 13186 902 1366 2416 1270 14 1 83 0 0 1 0 1 0 
2931 15268 1777 994 38 1922 9 1 388 0 0 1 0 1 1 
2464 3629 4463 1679 1987 1256 13 1 159 0 0 1 1 0 0 
3647 8753 1853 1896 1962 1627 19 0 24 0 0 1 0 1 0 
699 3845 4643 1486 2335 162 13 1 221 0 0 1 1 1 1 
7300 15655 3772 1539 2063 1211 28 0 307 0 1 0 1 0 1 
6085 3995 2136 687 2013 1031 6 1 483 0 1 0 0 0 1 
1239 7157 2560 1974 1601 808 12 1 40 0 1 0 0 0 1 
3491 8217 2238 1139 1048 1404 18 0 429 0 1 1 1 0 1 
5025 10898 4347 1995 2215 34 26 0 359 0 0 0 0 0 0 
6683 1856 3395 716 1651 530 25 1 429 0 1 1 0 1 1 
7215 1172 535 1573 199 1446 0 0 397 0 1 1 0 1 1 
3569 14912 3352 1291 142 469 28 1 389 0 0 0 0 1 1 
2297 7030 4156 114 2295 15 3 0 146 0 0 1 1 1 0 
896 4916 3231 529 2101 1132 11 1 355 0 0 1 0 0 0 
8565 9514 443 825 544 1851 7 1 335 0 1 1 0 1 0 
2670 11444 3674 208 2435 487 16 0 364 0 0 1 1 0 1 
1672 6687 1461 1611 2182 1459 12 0 8 0 1 0 1 0 1 
2108 5348 284 1760 2482 581 8 0 386 0 0 0 0 0 0 
3046 4442 4204 1282 1215 78 30 0 352 0 0 0 0 1 0 
626 8560 2882 929 139 1609 6 1 421 0 0 1 1 0 1 
1490 2258 2841 357 977 73 9 1 23 0 0 0 0 1 0 
4110 14922 4601 1787 1206 31 10 0 215 0 0 0 1 0 1 
2941 6137 3781 481 1811 1956 6 0 429 0 1 0 0 0 0 
3599 19034 2566 1928 672 712 5 0 112 0 0 1 1 0 0 
2658 15917 1942 1351 2440 1447 7 1 477 0 0 1 1 0 1 
7421 18462 1875 1380 1613 1199 23 0 299 0 0 1 0 0 0 
8973 936 3046 1167 112 1960 27 0 340 0 1 1 0 1 0 
2918 14916 3713 1741 1639 595 20 1 124 0 0 1 1 1 1 
5203 16755 4897 1856 776 1075 11 1 194 0 1 1 0 1 1 
7976 2135 1887 1124 2454 16 27 0 225 0 1 1 0 1 1 
5398 6174 488 1827 1277 1957 15 1 261 0 1 1 0 1 1 
861 12221 4591 832 2117 314 23 1 481 0 1 1 0 1 1 
6223 10256 2338 619 931 199 8 0 251 0 0 0 1 0 0 
3142 18036 104 1170 1917 1681 2 1 201 0 0 0 1 1 1 
2543 9351 810 1685 2319 1340 3 0 1 0 0 0 1 0 0 
8943 17039 1115 471 508 799 11 0 77 0 1 1 1 1 1 
4126 342 4138 1549 704 237 1 0 226 0 1 1 1 0 0 
237 11565 2649 1309 2029 509 22 1 203 0 1 1 1 1 1 
2278 14366 4673 1798 702 569 26 1 334 0 1 0 1 1 1 
539 12047 3043 892 2346 413 0 0 366 0 0 1 1 0 1 
7294 9233 4295 773 84 1079 23 0 244 0 0 0 0 1 1 
6024 3076 1117 911 876 482 6 1 473 0 0 0 0 0 1 
7211 12560 2130 413 1560 656 10 1 488 0 1 1 0 1 1 
8915 7419 590 1515 2078 1588 23 1 230 0 0 1 0 1 0 
2553 5348 4608 458 1365 1011 13 1 229 0 1 0 0 0 0 
4862 290 4947 743 728 886 23 0 155 0 1 0 0 1 0 
7602 1282 1515 1228 1123 1613 1 1 29 0 1 1 1 1 0 
5998 5109 2292 499 955 199 9 0 129 0 1 0 0 0 1 
3093 14480 2037 1289 1702 562 19 0 366 0 1 0 0 1 0 
7483 2943 308 1201 758 1956 17 0 9 0 1 1 1 1 1 
8260 17736 1824 1700 2103 1373 20 0 453 0 1 1 1 0 0 
445 10488 1226 1392 1292 1815 10 1 261 0 1 1 1 1 1 
724 14488 921 28 411 1018 22 1 441 0 1 1 0 1 1 
2568 6165 726 1957 1192 1897 17 0 251 0 1 0 1 1 0 
6934 822 2856 1061 2383 1233 26 1 455 0 0 0 1 1 1 
3851 10335 2905 1176 489 1480 13 1 124 0 1 0 0 0 0 
597 18734 2432 1019 1425 906 4 0 310 0 0 1 0 0 0 
5597 14070 905 572 1337 1210 18 0 196 0 1 0 1 0 1 
8969 18729 3657 177 1507 313 6 0 455 0 1 0 1 0 0 
2157 1145 4457 443 1335 168 9 0 444 0 1 0 1 0 1 
3787 18498 4941 1065 1954 205 30 1 413 0 1 0 1 0 0 
5654 40 1471 81 2058 695 16 1 5 0 0 0 0 0 1 
3223 4985 1019 1907 53 80 28 1 92 0 0 0 1 0 1 
8595 16764 920 1016 716 1571 9 0 100 0 1 0 1 1 0 
3367 19612 170 1560 1524 552 24 1 330 0 0 0 0 1 1 
145 15188 3583 74 1415 52 29 1 473 0 1 0 0 1 0 
6518 10726 1089 1112 153 448 25 0 25 0 1 1 0 1 0 
6727 9303 735 757 2006 1355 27 0 281 0 0 0 1 0 1 
7867 13540 1316 276 1178 238 29 1 56 0 1 0 0 0 1 
3628 11490 3654 304 281 459 22 1 395 0 0 0 1 1 0 
7139 5901 3347 1950 994 1472 23 1 481 0 1 1 0 1 0 
8425 2351 3792 1849 2024 1542 28 1 240 0 1 0 1 0 1 
243 8146 523 1715 775 1245 27 0 235 0 0 1 1 0 0 
199 11062 4617 342 390 1043 18 0 205 0 1 0 1 0 1 
128 7156 2485 624 1286 1178 11 0 160 0 1 1 0 0 0 
3844 443 1609 1327 1569 1160 11 1 137 0 0 1 1 0 1 
3756 8373 4358 1408 412 111 6 1 280 0 1 1 0 1 0 
138 18070 1469 1296 391 1625 26 0 180 0 0 1 1 0 1 
3400 15129 4968 211 1319 533 10 1 192 0 0 0 0 1 0 
5727 3780 486 1127 1676 815 20 0 84 0 1 1 1 1 0 
5393 2085 2215 68 162 890 12 0 370 0 1 0 1 1 0 
3766 14758 65 134 1123 652 25 0 137 0 0 0 0 1 0 
8940 8882 3301 742 322 1086 23 0 470 0 0 1 1 1 0 
5606 2191 4722 1424 850 1332 29 0 137 0 0 1 0 0 0 
2708 11287 3765 1998 402 987 9 1 498 0 1 0 0 0 0 
1702 8078 4343 1613 1911 1709 26 1 177 0 1 0 0 1 1 
5579 10224 2280 159 492 1311 9 0 347 0 1 0 0 1 1 
3739 7299 3241 1543 1676 1110 17 0 91 0 1 0 1 1 0 
1236 13968 2885 646 664 1129 29 1 322 0 1 0 1 1 1 
7983 18408 3494 1354 361 508 20 1 162 0 1 0 0 0 1 
5134 15639 2749 320 2179 161 28 1 248 0 1 1 0 0 1 
6832 6907 4209 1205 808 1341 24 0 78 0 1 1 1 0 0 
7853 6804 1701 711 546 1266 8 0 226 0 1 1 1 0 1 
7739 6836 1740 80 1209 747 11 0 214 0 0 0 0 1 1 
5904 18565 4658 678 318 869 23 0 427 0 1 0 1 0 1 
6897 10562 3488 1381 1991 747 1 0 80 0 0 1 1 1 0 
4722 3949 4648 693 1864 646 23 1 106 0 0 1 0 0 0 
365 2504 4733 1541 444 1759 3 1 171 0 1 1 1 0 1 
789 9753 2422 801 367 508 12 0 203 0 0 1 1 1 1 
1802 291 4011 546 2354 1973 29 1 93 0 0 0 0 1 0 
7721 12147 3713 291 1825 875 29 0 37 0 0 0 0 0 1 
6407 16487 2749 1148 1514 1319 30 1 54 0 0 0 1 0 0 
4551 8450 1887 1376 78 1351 11 0 117 0 1 1 1 0 1 
3347 5499 4428 578 397 297 15 1 311 0 0 0 0 0 0 
475 7407 2248 1542 149 1197 10 0 78 0 0 0 1 1 1 
7595 13699 2168 843 1078 1532 18 1 216 0 0 0 0 0 0 
4971 2119 4404 1833 1608 527 20 0 115 0 0 1 1 1 0 
7931 6002 1596 1100 2150 1789 1 1 327 0 1 1 0 0 1 
5386 3469 1007 1106 1194 1793 22 1 124 0 0 1 1 0 1 
7730 19307 2951 227 2370 188 16 1 492 0 0 0 1 0 1 
5915 17459 4813 1260 1561 1030 0 0 450 0 1 1 0 1 1 
6144 12191 2775 1525 174 587 22 1 447 0 0 0 1 0 1 
6303 7301 1322 1588 230 1368 2 1 326 0 1 1 0 1 0 
8372 1133 1065 464 2393 487 13 1 250 0 0 1 1 1 1 
8573 10439 1343 1737 2209 1573 14 0 147 0 0 0 0 1 0 
1856 16298 4594 582 644 1422 7 1 379 0 0 0 1 0 0 
6709 1853 1559 300 1181 1791 8 0 211 0 1 0 1 1 0 
1533 14536 1084 1999 2248 533 27 1 423 0 0 0 0 0 1 
4378 8080 1720 1751 230 1330 8 1 485 0 1 0 1 0 0 
4616 13764 2155 1592 1918 50 23 1 150 0 1 0 0 1 1 
5567 1309 4250 364 1247 1064 30 0 294 0 1 0 0 0 0 
2812 1260 433 1589 560 485 16 0 188 0 1 1 1 1 0 
1380 19739 1005 1829 2465 89 19 1 80 0 1 1 0 1 1 
6458 18682 2837 281 1096 735 1 0 243 0 1 0 1 1 1 
8211 9075 2583 1544 935 409 15 1 66 0 1 1 0 1 1 
6683 18717 2976 702 590 1787 29 0 88 0 1 0 1 1 0 
61 602 2933 1052 1286 822 28 0 280 0 1 0 0 1 1 
1410 2301 665 377 715 436 16 0 69 0 1 1 1 1 0 
2918 13720 1105 719 1205 1714 30 1 379 0 1 0 0 0 0 
8888 1209 924 1779 2198 1345 25 0 43 0 0 0 0 0 0 
7885 15142 2795 1586 321 221 25 0 210 0 1 0 1 1 1 
308 8579 3314 799 837 1833 26 0 19 0 0 0 1 0 0 
7049 3133 1844 386 2481 154 22 0 379 0 1 1 0 1 1 
116 19559 278 1397 529 76 5 0 279 0 1 0 1 1 1 
4065 13270 1130 877 1875 1200 15 1 407 0 1 0 1 0 0 
4714 5767 96 679 2423 1867 10 1 452 0 0 0 1 0 1 
894 2097 3205 93 989 1213 9 1 258 0 1 1 1 0 0 
8438 10643 1263 1857 1335 1713 7 0 379 0 0 0 0 0 0 
2332 16906 3752 1674 557 1903 1 1 164 0 0 0 1 1 1 
5034 18010 531 1015 1011 912 25 0 125 0 1 1 1 1 1 
1608 3543 320 208 933 1926 21 1 225 0 1 1 0 0 0 
182 13307 1477 1208 1030 261 30 0 234 0 1 1 1 0 1 
1700 19714 4897 514 684 232 25 0 251 0 1 1 0 0 1 
7148 5948 4311 209 318 249 29 1 153 0 1 1 1 0 0 
878 8703 1755 1903 1705 582 20 1 198 0 1 0 1 0 1 
207 12147 715 254 171 1024 10 1 341 0 0 0 1 1 0 
4504 7733 1517 1819 737 1422 26 1 381 0 0 0 0 1 0 
4122 10299 4788 1280 1061 1978 15 0 277 0 1 0 0 1 1 
5204 16397 3704 1781 2407 1673 5 1 399 0 0 0 0 1 1 
2773 15641 2688 1536 2198 573 9 0 487 0 0 1 0 0 1 
4206 13634 2988 1260 1183 688 15 1 359 0 0 1 1 1 0 
844 17413 4287 1013 850 28 12 1 266 0 0 1 1 1 1 
5928 6697 4099 17 1609 1366 14 1 85 0 1 0 1 1 0 
2450 124 91 1844 2378 1575 11 0 6 0 1 0 1 0 0 
750 2343 1775 534 181 1460 13 0 7 0 1 0 1 1 0 
3635 10782 861 1827 1698 1402 5 1 473 0 1 1 1 1 0 
5407 9192 267 1424 896 1265 6 0 343 0 0 1 0 1 1 
8772 16073 744 257 26 866 12 0 408 0 0 0 0 0 0 
4456 10758 1815 193 2256 244 21 1 74 0 1 0 1 0 0 
6185 17481 2315 1630 2262 1309 14 1 146 0 1 1 0 0 0 
2958 11093 55 1345 1359 742 22 0 444 0 1 0 1 1 1 
585 18209 3779 249 215 1687 6 1 305 0 0 1 1 0 0 
741 9306 2665 1695 693 1613 11 0 458 0 1 0 0 0 0 
5362 3540 4593 1428 101 338 23 0 237 0 0 1 0 1 0 
8468 5418 2556 759 342 603 3 0 430 0 0 1 0 1 1 
3282 5875 1058 886 1798 1454 1 1 193 0 0 0 0 1 1 
3150 18059 3664 299 2481 1367 18 1 212 0 0 0 0 0 1 
1736 17212 2864 979 2316 315 27 0 72 0 0 0 1 1 1 
795 4480 857 1516 1350 1371 4 0 176 0 1 1 1 1 0 
6388 5199 325 622 1678 983 12 1 266 0 0 1 0 0 0 
480 15153 3671 972 322 382 4 1 401 0 1 0 1 0 0 
4891 4144 4902 1252 1111 1988 3 1 378 0 0 1 0 0 0 
2367 8920 448 1076 671 1952 28 1 352 0 1 1 0 0 1 
8172 9511 2778 1733 932 1561 9 0 54 0 0 1 0 0 0 
2000 245 3124 1953 1792 164 5 1 33 0 1 0 1 1 0 
2837 3411 2597 963 1388 204 14 0 280 0 1 0 1 0 1 
2590 7519 3195 672 2380 964 22 1 280 0 0 0 0 0 0 
8256 19499 4037 1908 1455 754 9 1 334 0 1 0 0 1 1 
33 737 1475 1109 1381 1645 17 0 395 0 1 1 0 1 0 
1111 18420 3690 973 661 712 17 0 2 0 0 0 1 1 0 
4972 8017 3046 1290 1524 1497 18 0 359 0 1 0 0 1 0 
5414 9597 3727 16 2486 368 3 0 349 0 0 0 1 0 1 
4401 13508 4251 752 1796 1226 19 1 244 0 0 1 0 0 0 
5382 1647 2058 809 2166 1238 11 1 146 0 0 0 0 0 0 
7095 4191 844 351 894 581 20 1 302 0 0 1 1 0 0 
6000 12081 128 1578 1931 438 11 0 13 0 0 0 0 1 0 
8513 19876 294 1053 1480 609 25 0 454 0 1 1 1 0 1 
3636 17219 1170 91 185 3 10 1 36 0 0 0 1 1 1 
3808 9393 1929 512 2453 1132 29 0 107 0 1 0 1 1 0 
5725 15364 2623 1967 593 1665 20 1 420 0 1 0 0 1 1 
1089 16543 942 696 974 1431 10 0 305 0 0 1 1 1 1 
6268 10288 1510 130 2216 1300 24 0 242 0 1 0 1 1 0 
7304 11824 1404 476 61 654 22 1 263 0 1 0 0 1 0 
8706 17963 895 1848 486 1190 14 0 69 0 0 0 1 1 1 
4793 10244 4180 1941 1341 227 11 0 274 0 1 1 1 0 1 
6654 17218 4101 1480 768 306 28 0 18 0 1 0 0 1 0 
7941 11747 3242 207 818 1468 1 1 352 0 0 0 1 0 1 
6011 4642 1092 1907 1569 1098 28 0 366 0 1 1 1 1 0 
8287 8832 3043 1721 1025 1737 9 1 265 0 0 0 1 0 1 
6023 15549 3436 1710 652 1763 26 1 35 0 1 0 1 1 0 
8960 5881 622 1450 426 1737 2 1 313 0 1 1 1 0 1 
135 16196 433 362 1851 1564 6 1 75 0 1 1 1 1 0 
2459 6546 3796 935 613 1101 14 0 374 0 1 1 1 1 1 
5709 17722 4428 170 788 1682 15 1 383 0 0 0 1 1 0 
481 9220 1142 963 1131 1072 7 0 256 0 1 1 1 0 0 
2107 9366 2956 1300 1443 1026 18 0 26 0 1 1 1 0 1 
845 6189 668 587 610 1940 0 1 397 0 1 0 0 1 1 
7106 17563 4204 1028 177 1714 12 0 467 0 0 0 1 1 0 
1418 9505 1830 345 1397 981 6 1 368 0 0 0 1 1 1 
2184 8379 383 361 1754 290 15 1 9 0 1 0 0 0 1 
7504 5943 168 1907 470 1864 25 1 408 0 0 0 0 0 0 
7897 3493 843 349 782 341 1 0 27 0 0 0 1 0 1 
3190 14574 83 864 2122 937 8 0 35 0 0 1 0 0 0 
7322 14584 3316 779 1663 1971 1 1 397 0 1 0 1 0 0 
5860 3577 4256 116 227 1421 3 0 373 0 0 0 1 0 0 
3387 17462 2388 1493 727 1529 13 0 168 0 1 1 0 1 0 
2378 17846 2959 197 2311 1342 21 0 470 0 1 1 0 1 1 
6887 5677 4219 1326 618 1151 3 0 188 0 1 0 1 0 1 
8262 15753 2906 1978 1715 1025 15 1 385 0 0 0 0 0 1 
4002 3586 741 1594 1809 7 22 1 361 0 0 0 0 0 0 
5704 12146 3454 452 244 1165 9 1 226 0 1 1 0 1 1 
283 993 4916 156 1726 1677 5 1 258 0 0 1 0 1 1 
1292 15191 2832 1780 1987 858 4 1 221 0 1 0 0 1 0 
1300 15470 1248 415 980 793 7 1 59 0 1 1 1 1 0 
977 7138 3674 1403 1827 508 2 0 132 0 1 0 1 1 1 
6476 14360 2561 1098 1060 969 6 1 264 0 1 1 1 0 1 
2069 13411 399 907 2159 1307 1 1 63 0 1 0 1 1 0 
6044 16206 103 1327 1045 1149 6 1 143 0 0 0 1 0 0 
6879 10564 1065 1305 894 895 7 0 291 0 1 1 0 1 1 
4581 984 4290 1401 2479 767 2 0 236 0 1 0 1 0 1 
2062 1795 3008 640 535 1922 12 1 337 0 1 1 1 0 1 
5175 10022 2875 705 1477 1581 13 1 86 0 1 0 0 1 0 
1750 18555 84 217 1905 552 29 1 406 0 0 1 0 0 1 
8988 9862 2035 471 437 1686 8 0 51 0 1 1 1 0 0 
179 8698 4479 336 2013 1449 4 1 257 0 1 0 1 0 1 
1762 9579 3776 502 862 1059 17 1 305 0 0 1 1 0 0 
1735 5230 2979 1205 1078 439 10 0 340 0 0 1 0 0 0 
7713 18204 197 1605 1345 2 13 1 76 0 0 1 1 1 1 
5142 15343 1196 1641 1351 1944 19 1 279 0 0 1 0 0 1 
7239 7888 1491 1289 601 84 11 0 336 0 1 0 1 1 1 
2946 6820 4571 1348 109 1323 5 1 429 0 0 1 1 0 1 
7923 9345 158 1268 2189 1549 20 1 422 0 1 1 0 1 0 
6404 18238 2066 1877 1052 493 4 1 308 0 1 1 0 1 0 
1520 8839 3669 1511 149 1775 21 1 51 0 1 0 0 1 1 
8521 565 2193 918 2298 658 15 0 192 0 0 1 1 1 0 
2836 635 1840 913 728 139 24 0 350 0 0 1 0 1 1 
5131 10848 1544 255 208 568 25 1 102 0 1 1 1 0 1 
4801 15322 3413 1262 2169 1590 16 0 299 0 1 1 1 1 1 
3713 3589 3196 1663 1491 548 10 1 206 0 0 1 1 0 1 
454 12791 3768 888 2234 395 24 0 19 0 1 1 1 1 1 
999 2253 1275 1062 1293 1540 6 0 474 0 1 0 0 0 0 
2137 18929 2359 1324 1616 868 2 1 456 0 1 1 1 1 1 
5399 2027 3660 1565 2375 560 15 0 55 0 0 0 0 1 1 
4807 17189 4373 437 832 1396 22 1 366 0 1 1 1 1 0 
3824 15530 2104 475 12 1367 5 1 488 0 1 1 0 1 0 
4108 217 1178 765 890 1812 14 0 498 0 0 0 1 1 1 
8647 5597 3221 1987 1312 1672 25 0 361 0 0 0 0 1 0 
4687 2597 3477 331 1660 42 25 0 52 0 0 0 0 1 1 
6286 13593 4508 136 1438 1989 14 0 487 0 0 1 1 0 1 
7148 13519 4606 853 1331 71 5 1 333 0 0 0 1 0 1 
6228 7888 2171 1602 2490 121 8 0 48 0 0 1 0 0 1 
36 7811 4189 1144 662 1517 23 1 31 0 1 0 1 0 0 
261 5221 1709 1162 1290 1446 22 1 416 0 0 0 1 1 0 
6376 15285 4321 1579 1924 1576 19 1 270 0 0 0 0 1 1 
7200 17570 3217 6 2331 421 13 1 120 0 1 1 0 1 1 
8474 11698 1671 702 1968 776 30 0 406 0 1 0 1 0 0 
4513 9021 1004 706 1844 1250 23 1 19 0 0 1 0 1 0 
8982 19940 4278 1538 1752 763 3 0 101 0 0 1 1 0 0 
972 10779 1574 402 676 1340 16 0 330 0 0 0 0 1 0 
5633 17114 1493 725 945 1430 5 1 398 0 0 1 0 0 0 
1773 18039 85 1746 72 22 17 1 120 0 0 0 0 0 1 
7504 12245 4322 462 814 1851 16 0 420 0 0 0 0 1 0 
4454 19901 3273 1274 438 1089 23 1 280 0 0 1 0 1 0 
7272 10197 1536 1189 1608 942 13 0 326 0 1 1 1 0 0 
452 12777 1376 1237 1253 934 7 1 323 0 1 1 0 1 1 
574 10135 4187 168 1988 1304 25 0 419 0 1 1 0 0 0 
8217 18997 2848 1430 512 514 13 0 86 0 1 0 1 1 1 
8356 1510 2666 1432 227 1524 15 0 175 0 1 1 1 1 0 
6510 15329 3675 273 1907 969 7 1 90 0 1 1 0 1 0 
6949 17035 1206 197 19 138 5 0 18 0 0 0 0 1 0 
8759 11096 2804 1319 2354 1554 24 0 392 0 1 0 0 0 0 
558 514 4629 1517 75 639 21 1 424 0 1 0 0 1 0 
8237 2393 1609 410 1538 517 18 1 282 0 0 1 1 0 1 
2901 7620 1335 921 1547 1221 29 1 331 0 0 1 1 1 1 
1302 7590 3515 29 1282 742 13 1 111 0 1 1 0 1 0 
3869 19871 4908 1898 393 1508 9 1 421 0 1 0 1 0 0 
6961 19866 4698 807 784 353 3 1 367 0 1 0 1 1 1 
3297 16026 4312 1380 817 1204 19 0 75 0 1 1 0 0 1 
7729 14980 3454 1849 1669 23 5 1 437 0 0 1 0 0 0 
5291 11046 4472 1882 787 511 27 1 260 0 0 0 0 0 1 
2941 6785 4042 1317 1725 1486 8 0 135 0 0 0 1 1 0 
4940 467 70 1638 1326 1248 19 0 164 0 1 0 0 1 1 
563 9187 912 805 823 1659 6 0 252 0 1 0 0 0 1 
5783 17700 668 1937 356 888 29 0 190 0 0 1 1 0 1 
961 1325 917 1186 1684 1938 0 0 374 0 1 0 1 1 0 
7991 3269 4710 1921 1812 1175 23 0 355 0 1 1 0 1 1 
114 2675 4601 64 1961 499 13 1 220 0 0 0 1 1 0 
928 18355 3689 1356 1532 643 3 0 241 0 1 0 1 1 0 
3386 6605 2808 1517 24 954 8 1 102 0 1 1 0 1 0 
554 10296 652 1313 579 214 9 1 438 0 0 0 1 1 1 
3191 14616 1802 1609 2346 1387 22 1 449 0 0 0 0 0 0 
2015 14818 4360 1307 1681 1034 8 1 379 0 1 0 1 1 1 
5685 19022 3641 122 531 1667 11 0 40 0 1 1 1 0 1 
744 18744 1787 1283 310 1972 7 1 76 0 1 0 0 1 0 
7015 19335 3953 70 736 1976 3 1 250 0 0 1 1 0 0 
8486 7854 2181 1778 1195 563 25 1 96 0 1 1 1 0 1 
2696 6862 1264 1944 131 1760 28 1 193 0 0 1 1 0 1 
