157 9 1
2921 1 713 5174 108 129 22 2 305
1
194 2 0 0 22 2 0 0 6
1
322 0 6 3 15 9 0 0 0
1
731 0 0 0 2 13 0 0 0
1
943 5 125 2693 3 31 0 3 0
1
838 0 0 97 7 19 5 0 0
1
1149 1 14 0 89 9 0 0 70
1
907 0 0 0 4 4 0 0 5
1
235 2507 0 21 0 80 0 0 0
1
2284 39 0 0 183 14 0 0 0
1
731 0 0 0 2 13 0 0 0
1
1038 132 0 0 23 23 0 0 142
1
208 0 0 0 5 0 0 0 1
1
1607 5 0 0 5 36 59 0 0
1
1149 1 14 0 89 9 0 0 70
1
637 1 518 161 44 97 36 5 0
1
609 8 46 238 86 83 8 8 0
1
229 0 414 186 30 9 0 1 23
1
438 1 0 0 311 77 0 10 0
1
476 1 307 528 14 155 11 5 0
1
660 3 0 423 370 32 5 1 496
1
231 5 0 1034 4 75 0 2 0
1
244 3 269 810 278 120 5 0 401
1
246 2 0 105 57 77 14 0 247
1
248 2 0 520 4 13 0 9 0
1
254 6 52 19 15 28 14 0 0
1
269 2 0 33 4 5 3 0 0
1
316 4 309 125 24 24 6 1 75
1
284 38 25 20 196 5 0 0 0
1
313 0 0 2 21 20 0 0 0
1
320 0 0 132 418 224 15 0 0
1
330 0 195 45 17 14 0 0 0
1
343 0 22 17 17 0 0 0 0
1
348 2 1411 302 169 98 7 1 322
1
362 33 72 72 130 81 4 5 0
1
355 3 188 219 331 249 31 1 0
1
2465 1 492 204 13 24 0 0 44
1
368 4 1353 291 506 50 0 2 0
1
378 9 0 138 179 28 0 0 0
1
406 2 0 191 17 23 0 0 0
1
411 6 291 3 2 142 19 0 0
1
407 3 270 200 263 53 0 0 0
1
425 7 271 506 17 36 0 6 0
1
122 286 0 257 198 83 0 3 0
1
425 4 0 188 230 267 0 0 0
1
435 6 0 332 493 37 0 0 0
1
238 5 860 674 33 60 18 0 97
1
451 4 2936 1094 623 83 7 5 0
1
482 9 0 3 1009 14 18 23 0
1
504 17 0 22 385 855 17 2 0
1
515 3 0 1587 389 164 44 0 0
1
520 7 378 761 149 96 0 6 0
1
496 3 0 0 0 0 0 1 0
1
534 0 0 636 25 36 0 3 0
1
578 3 0 136 35 101 20 0 0
1
675 8 0 1 2 4 4 0 95
1
615 3 1260 5 103 25 0 2 0
1
616 9 0 953 2931 322 0 1 0
1
700 0 36 24 2 20 0 1 0
1
870 6 0 69 726 93 0 4 0
1
242 2 76 46 56 3 0 3 0
1
2445 21 87 119 13 119 59 0 0
1
2904 4 0 148 2 66 0 22 0
1
23 137 829 199 6 5 24 4 8
0
507 249 0 103 75 106 0 0 0
0
234 81 868 25 409 102 6 1 168
0
160 110 2296 1713 37 41 36 0 0
0
114 732 0 1 38 22 0 0 0
0
151 26 68 16 92 15 19 0 0
0
751 526 3724 1740 103 53 0 2 0
0
186 43 453 35 47 36 3 0 0
0
233 4212 576 319 428 106 23 1 0
0
43 18 0 1 40 20 0 0 0
0
206 230 0 21 7 112 100 0 0
0
413 191 0 1017 16 84 0 0 0
0
462 212 0 793 1005 605 0 54 0
0
402 607 1851 106 1121 333 0 5 0
0
246 27 2210 286 36 54 18 2 0
0
67 146 0 24 16 24 0 0 0
0
76 26 799 0 21 22 0 0 0
0
259 120 596 65 3 54 21 5 0
0
337 661 0 73 286 39 65 0 0
0
53 106 0 1 21 17 22 0 0
0
116 60 600 197 179 26 21 0 0
0
75 13 165 7 20 82 11 0 0
0
221 241 0 61 418 29 0 0 0
0
155 176 0 284 202 140 59 0 0
0
490 70 0 41 7 428 65 0 0
0
652 71 2342 66 1074 176 0 0 336
0
104 66 0 21 10 163 54 0 0
0
62 28 0 4 8 4 0 0 0
0
121 331 0 1039 85 71 101 6 0
0
318 364 1387 543 612 123 0 197 0
0
110 61 1012 73 233 95 18 0 149
0
158 338 0 448 541 127 0 14 0
0
477 399 1224 197 152 107 73 0 139
0
283 105 3731 424 109 47 115 1 0
0
164 156 0 628 270 32 20 24 0
0
545 87 0 21 80 194 37 0 0
0
364 191 0 189 260 54 47 0 0
0
171 325 287 51 108 82 0 12 357
0
94 111 3139 495 44 82 0 0 0
0
67 62 514 28 51 88 22 0 126
0
142 143 2054 511 188 94 36 5 0
0
205 112 1662 262 17 97 0 0 0
0
318 320 0 19 14 100 0 5 0
0
175 194 0 4 268 11 0 6 0
0
886 505 367 310 3 202 23 6 0
0
315 160 165 31 114 19 28 0 90
0
88 7 0 0 5 0 0 0 0
0
307 140 191 153 184 45 0 3 150
0
266 206 5430 382 196 59 0 0 0
0
493 57 0 90 4 19 0 0 0
0
179 327 0 229 68 66 0 48 0
0
712 190 0 93 16 113 0 2 0
0
446 580 0 976 15 110 0 729 0
0
97 80 503 81 879 106 37 0 254
0
234 84 0 38 53 73 0 1 0
0
86 130 503 123 494 8 48 0 0
0
734 567 0 228 162 80 60 3 0
0
224 89 0 56 202 258 0 0 0
0
96 2 0 0 12 7 41 1 0
0
483 161 377 62 92 3 0 1 0
0
382 522 0 205 69 195 67 0 0
0
176 432 0 2383 40 169 212 1 0
0
257 8 39 26 93 94 2 0 0
0
67 22 40 20 53 12 65 0 0
0
126 107 2327 1940 383 174 0 7 0
0
145 80 0 0 1 0 0 0 0
0
61 213 0 116 448 78 0 7 0
0
230 170 356 178 583 51 25 3 0
0
521 261 0 143 48 48 59 0 0
0
90 162 0 147 79 25 0 0 0
0
3254 78 0 600 240 110 64 6 0
0
249 94 282 504 109 84 0 11 0
0
157 501 1141 68 32 73 0 0 0
0
44 74 769 254 26 43 45 0 0
0
109 64 0 0 6 17 0 0 0
0
473 361 0 282 540 115 0 7 0
0
324 541 816 80 65 43 78 0 59
0
72 5 0 0 42 23 8 0 0
0
428 776 0 81 5 205 0 1 0
0
156 469 0 154 65 255 0 19 0
0
291 218 0 108 177 90 48 0 0
0
332 262 0 11 427 83 0 0 0
0
311 489 1508 491 180 31 0 1 0
0
295 425 0 659 51 100 258 0 0
0
137 2158 1420 151 161 99 121 1 135
0
165 77 696 17 373 48 41 0 0
0
118 40 10000 1271 0 25 0 37 50
0
436 195 2380 459 567 86 0 1 0
0
207 639 928 609 219 172 0 0 0
0
188 412 0 562 145 57 0 0 0
0
76 149 0 70 17 10 0 0 0
0
479 279 0 172 32 308 0 5 0
0
820 407 0 18 246 221 0 0 0
0
124 30 0 71 20 96 0 0 0
0
